,D0,D1,D2,D3,D4,D5,D6,D7
D0,7.95419770271105,0.01407776842466335,0.07347316740442533,0.19428045379945402,0.19194763831350103,0.14986519554739797,0.15181209632444448,0.25892239025377206
D1,0.01407776842466335,7.95427270271105,0.008360801122085704,0.057682710253057046,0.017479796902951428,0.015391300096002869,0.01698943410409859,0.014636505074800077
D2,0.07347316740442533,0.008360801122085704,7.954272702711049,0.06530965834235003,0.006889286478370948,0.06110627635116517,0.03239480299938702,0.0771667542717358
D3,0.19428045379945402,0.057682710253057046,0.06530965834235003,7.95422270271105,0.07574789946158855,0.07854893980628574,0.08637246804929077,0.2815911303629668
D4,0.19194763831350103,0.017479796902951428,0.006889286478370948,0.07574789946158855,7.954147702711051,0.10294972886093046,0.10108084792276761,0.15099000694280695
D5,0.14986519554739797,0.015391300096002869,0.06110627635116517,0.07854893980628574,0.10294972886093046,7.954172702711049,0.16148936334353436,0.21321089730162823
D6,0.15181209632444448,0.01698943410409859,0.03239480299938702,0.08637246804929077,0.10108084792276761,0.16148936334353436,7.95417270271105,0.22887287903476805
D7,0.25892239025377206,0.014636505074800077,0.0771667542717358,0.2815911303629668,0.15099000694280695,0.21321089730162823,0.22887287903476805,7.95432270271105
